sample_id	true_label	predicted_label	prob_Plasma	prob_Saliva	prob_Serum
EXR-KJENS1RID1-AN.sample_Sample_B_001_PC02_CAGGCG_R1_001_fastq	Plasma	Plasma	0.9999859325280882	4.4154933620588047e-07	1.3625922575656884e-05
EXR-KJENS1RID1-AN.sample_Sample_B_002_PC02_CATTTT_combined_2_R1_001_fastq	Plasma	Plasma	0.9999995614220473	1.128378364975661e-11	4.3856666883373974e-07
EXR-KJENS1RID1-AN.sample_Sample_B_004_BC01_CATGGC_combined_3_R1_001_fastq	Plasma	Plasma	0.9999183998584574	6.814241643908019e-05	1.3457725103452672e-05
EXR-KJENS1RID1-AN.sample_Sample_B_004_GC11_CAGGCG_combined_3_R1_001_fastq	Plasma	Plasma	0.9998664876153458	0.00012384909143180788	9.663293222606129e-06
EXR-KJENS1RID1-AN.sample_Sample_B_004_GC12_ACTTGA_combined_3_R1_001_fastq	Plasma	Plasma	0.9999149916648282	1.9864869298090787e-07	8.48096864787309e-05
EXR-KJENS1RID1-AN.sample_Sample_B_005_BC01_GTCCGC_combined_2_R1_001_fastq	Plasma	Plasma	0.9999998265006574	1.085444111712128e-11	1.7348848822017263e-07
EXR-KJENS1RID1-AN.sample_Sample_B_005_GC06_CTCAGA_R1_001_fastq	Plasma	Plasma	0.9999914055028849	1.2898367624691695e-06	7.30466035263938e-06
EXR-KJENS1RID1-AN.sample_Sample_B_005_GC07_AGTTCC_combined_3_R1_001_fastq	Plasma	Plasma	0.9999886663414119	4.155234849943278e-12	1.1333654432661128e-05
EXR-KJENS1RID1-AN.sample_Sample_B_005_GC08_GGTAGC_combined_2_R1_001_fastq	Plasma	Plasma	0.9928832839297599	6.841403034606821e-06	0.0071098746672055395
EXR-KJENS1RID1-AN.sample_Sample_B_005_GC09_CAGATC_combined_3_R1_001_fastq	Plasma	Plasma	0.9944721630378304	3.123518801441672e-06	0.005524713443368323
EXR-KJENS1RID1-AN.sample_Sample_B_005_GC12_CATGGC_R1_001_fastq	Plasma	Plasma	0.9990679878035358	0.0007871228311659028	0.00014488936529825813
EXR-KJENS1RID1-AN.sample_Sample_B_005_GC16_ACAGTG_combined_3_R1_001_fastq	Plasma	Plasma	0.9954105573886508	0.00191479912310387	0.0026746434882454276
EXR-KJENS1RID1-AN.sample_Sample_B_006_BC01_TAGCTT_R1_001_fastq	Plasma	Plasma	0.999992345955823	8.50269275041947e-08	7.56901724956206e-06
EXR-KJENS1RID1-AN.sample_Sample_B_006_GC06_CTTGTA_combined_2_R1_001_fastq	Plasma	Plasma	0.9999887008160582	1.4362291625213382e-06	9.862954779293587e-06
EXR-KJENS1RID1-AN.sample_Sample_B_006_GC07_ATGTCA_combined_2_R1_001_fastq	Plasma	Plasma	0.9999999416628301	1.4687491605893516e-13	5.833702314149234e-08
EXR-KJENS1RID1-AN.sample_Sample_B_007_BC01_GTAGAG_R1_001_fastq	Plasma	Plasma	0.999998981615671	3.1611806772089906e-09	1.0152231482630407e-06
EXR-KJENS1RID1-AN.sample_Sample_B_007_GC05_ACTGAT_combined_3_R1_001_fastq	Plasma	Plasma	0.9996734749641828	1.076974438666189e-07	0.00032641733837328156
EXR-KJENS1RID1-AN.sample_Sample_B_007_GC07_CAACTA_combined_2_R1_001_fastq	Plasma	Urine	0.42287223727962797	6.927050448896377e-05	0.5770584922158831
EXR-KJENS1RID1-AN.sample_Sample_B_007_GC10_TCCCGA_R1_001_fastq	Plasma	Plasma	0.9999981877939269	7.674823858781785e-09	1.8045312491650912e-06
EXR-KJENS1RID1-AN.sample_Sample_B_007_PC02_TAGCTT_combined_3_R1_001_fastq	Plasma	Plasma	0.9919361240367436	0.007904963983898013	0.00015891197935857527
EXR-KJENS1RID1-AN.sample_Sample_B_008_BC01_Yr2_AGTTCC_R1_001_fastq	Plasma	Plasma	0.9999997908265037	8.176947320627631e-08	1.274040230565336e-07
EXR-KJENS1RID1-AN.sample_Sample_B_008_GC10_Yr2_CCAACA_R1_001_fastq	Plasma	Plasma	0.9977137205849255	0.002266674846104681	1.9604568969800796e-05
EXR-KJENS1RID1-AN.sample_Sample_B_010_BC01_Yr2_TTAGGC_combined_2_R1_001_fastq	Plasma	Plasma	0.9999999459920712	4.75044756660087e-10	5.353288390331134e-08
EXR-KJENS1RID1-AN.sample_Sample_B_010_GC02_Yr2_GTTTCG_R1_001_fastq	Plasma	Serum	0.3752060221368317	0.6247153859589322	7.859190423619726e-05
EXR-KJENS1RID1-AN.sample_Sample_B_010_GC07_Yr2_TACAGC_R1_001_fastq	Plasma	Serum	0.016581032396238454	0.9834035564089337	1.5411194827778017e-05
EXR-KJENS1RID1-AN.sample_Sample_B_010_GC08_Yr2_TCATTC_R1_001_fastq	Plasma	Serum	0.10277685480270854	0.897199252056864	2.389314042744372e-05
EXR-KJENS1RID1-AN.sample_Sample_B_010_GC09_Yr2_CGGAAT_R1_001_fastq	Plasma	Serum	0.0547121750955244	0.9452574816795883	3.0343224887167842e-05
EXR-KJENS1RID1-AN.sample_Sample_B_011_BC01_GATCAG_R1_001_fastq	Plasma	Plasma	0.9999908845328748	5.42129825573252e-07	8.573337299751286e-06
EXR-KJENS1RID1-AN.sample_Sample_B_011_BC01_Yr2_GTGGCC_R1_001_fastq	Plasma	Plasma	0.9979473978099661	0.0020260095931040716	2.659259692981837e-05
EXR-KJENS1RID1-AN.sample_Sample_B_011_GC01_Yr2_GAGTGG_R1_001_fastq	Plasma	Plasma	0.9999994356396492	1.4795398386128663e-07	4.164063668309192e-07
EXR-KJENS1RID1-AN.sample_Sample_B_011_GC05_Yr2_TACAGC_R1_001_fastq	Plasma	Plasma	0.9997682310698021	1.2763798890579203e-06	0.00023049255030880013
EXR-KJENS1RID1-AN.sample_Sample_B_011_GC07_TGACCA_R1_001_fastq	Plasma	Plasma	0.999999023883142	2.4622375060793502e-11	9.760922357222944e-07
EXR-KJENS1RID1-AN.sample_Sample_B_011_GC11_Yr2_ATGAGC_R1_001_fastq	Plasma	Plasma	0.8103972600643573	0.1895288084379454	7.393149769727432e-05
EXR-KJENS1RID1-AN.sample_Sample_B_013_BC01_CCGTCC_R1_001_fastq	Plasma	Plasma	0.9999464244231792	1.4226618450126417e-06	5.215291497568802e-05
EXR-KJENS1RID1-AN.sample_Sample_B_013_BC01_Yr2_CTTGTA_R1_001_fastq	Plasma	Plasma	0.9999803977601567	1.7370495125156266e-05	2.231744718129152e-06
EXR-KJENS1RID1-AN.sample_Sample_B_013_GC04_Yr2_TAGCTT_R1_001_fastq	Plasma	Plasma	0.987852700710399	0.012072941890874904	7.435739872612714e-05
EXR-KJENS1RID1-AN.sample_Sample_B_013_GC06_Yr2_CAAAAG_R1_001_fastq	Plasma	Plasma	0.6086279493209643	0.3912913641599427	8.068651909305292e-05
EXR-KJENS1RID1-AN.sample_Sample_B_013_GC07_Yr2_CAGGCG_R1_001_fastq	Plasma	Plasma	0.9999313048876737	6.526492581581937e-05	3.4301865106403855e-06
EXR-KJENS1RID1-AN.sample_Sample_B_013_GC15_CGTACG_combined_4_R1_001_fastq	Plasma	Plasma	0.999935034910524	3.856309449151608e-07	6.4579458530969e-05
EXR-KJENS1RID1-AN.sample_Sample_B_014_BC01_ATGAGC_combined_3_R1_001_fastq	Plasma	Serum	0.12919521972127915	0.8025193904559751	0.06828538982274568
EXR-KJENS1RID1-AN.sample_Sample_B_014_BC01_Yr2_ATTCCT_R1_001_fastq	Plasma	Plasma	0.993943449101107	0.006018653796281863	3.789710261119975e-05
EXR-KJENS1RID1-AN.sample_Sample_B_014_GC06_GGCTAC_combined_2_R1_001_fastq	Plasma	Plasma	0.9997570991449675	0.00016328967190162383	7.961118313081866e-05
EXR-KJENS1RID1-AN.sample_Sample_B_014_GC11_Yr2_ATGTCA_R1_001_fastq	Plasma	Plasma	0.9597190979366286	0.04023239288415858	4.8509179212897404e-05
EXR-KJENS1RID1-AN.sample_Sample_B_015_BC01_Yr2_TAGCTT_R1_001_fastq	Plasma	Plasma	0.9951277386218569	0.004720990249255079	0.0001512711288880469
EXR-KJENS1RID1-AN.sample_Sample_B_019_BC01_Yr2_GGCTAC_R1_001_fastq	Plasma	Plasma	0.999997857964698	8.334796380174755e-07	1.3085556638687782e-06
EXR-KJENS1RID1-AN.sample_Sample_B_019_GC01_Yr2_CCGTCC_R1_001_fastq	Plasma	Plasma	0.9999983115698188	1.4212502032945374e-06	2.671799780751314e-07
EXR-KJENS1RID1-AN.sample_Sample_B_019_GC03_Yr2_GTGGCC_R1_001_fastq	Plasma	Plasma	0.8734953087672677	0.12635051961667013	0.0001541716160623212
EXR-KJENS1RID1-AN.sample_Sample_B_022_BC01_GCCAAT_combined_3_R1_001_fastq	Plasma	Plasma	0.9996584526808001	0.0002710294866197188	7.051783258024292e-05
EXR-KJENS1RID1-AN.sample_Sample_B_022_BC01_Yr2_AGTCAA_R1_001_fastq	Plasma	Plasma	0.9999838743358246	1.307941435513211e-05	3.046249820152524e-06
EXR-KJENS1RID1-AN.sample_Sample_B_022_GC17_GATCAG_combined_3_R1_001_fastq	Plasma	Plasma	0.9980335162638508	0.0014174965523102126	0.0005489871838388649
EXR-KJENS1RID1-AN.sample_Sample_B_023_PC02_CATTTT_R1_001_fastq	Plasma	Plasma	0.999997013349483	1.9744721686277025e-09	2.9846760448282037e-06
EXR-KJENS1RID1-AN.sample_Sample_B_024_BC01_Yr2_CGATGT_R1_001_fastq	Plasma	Plasma	0.9999993273655806	1.2727991542553751e-08	6.599064276188294e-07
EXR-KJENS1RID1-AN.sample_Sample_B_024_GC01_Yr2_TCGAAG_R1_001_fastq	Plasma	Plasma	0.9741982442505069	0.025751580503759596	5.0175245733491335e-05
EXR-KJENS1RID1-AN.sample_Sample_B_024_GC02_Yr2_GTAGAG_R1_001_fastq	Plasma	Plasma	0.9999999480864583	7.761766831744147e-09	4.4151774867894215e-08
EXR-KJENS1RID1-AN.sample_Sample_B_024_GC04_Yr2_GTGAAA_R1_001_fastq	Plasma	Plasma	0.9980293502698843	0.001931123523029194	3.952620708649323e-05
EXR-KJENS1RID1-AN.sample_Sample_B_024_GC05_Yr2_TCGAAG_R1_001_fastq	Plasma	Plasma	0.9999999876016231	1.5679617144375394e-12	1.2396808893007338e-08
EXR-KJENS1RID1-AN.sample_Sample_B_024_GC06_Yr2_CACTCA_R1_001_fastq	Plasma	Plasma	0.9994885420298183	0.0004962823568336947	1.5175613348176488e-05
EXR-KJENS1RID1-AN.sample_Sample_B_024_GC07_Yr2_CTATAC_R1_001_fastq	Plasma	Plasma	0.924737152320823	0.0751943806335773	6.846704559955598e-05
EXR-KJENS1RID1-AN.sample_Sample_B_024_GC08_Yr2_CACGAT_R1_001_fastq	Plasma	Plasma	0.9909829378417951	0.00899207219432653	2.4989963878424e-05
EXR-KJENS1RID1-AN.sample_Sample_B_024_GC09_Yr2_CTATAC_R1_001_fastq	Plasma	Plasma	0.866817682459351	0.13310890675783388	7.341078281522278e-05
EXR-KJENS1RID1-AN.sample_Sample_B_024_GC10_Yr2_CGTACG_R1_001_fastq	Plasma	Plasma	0.9999999268409305	3.8427748437642736e-09	6.931629460933098e-08
EXR-KJENS1RID1-AN.sample_Sample_B_024_GC11_Yr2_AGTTCC_R1_001_fastq	Plasma	Serum	0.3589350159748501	0.6407266344562875	0.00033834956886238986
EXR-KJENS1RID1-AN.sample_Sample_B_024_GC12_Yr2_AGTCAA_R1_001_fastq	Plasma	Plasma	0.9996788694667668	0.00030750818317079544	1.3622350062367422e-05
EXR-KJENS1RID1-AN.sample_Sample_B_024_PC02_CCGTCC_combined_2_R1_001_fastq	Plasma	Plasma	0.735223599273333	0.014175390975803137	0.25060100975086386
EXR-KJENS1RID1-AN.sample_Sample_B_025_BC01_Yr2_GTCCGC_R1_001_fastq	Plasma	Plasma	0.9714874001375118	0.02845669303977168	5.5906822716523444e-05
EXR-KJENS1RID1-AN.sample_Sample_B_025_GC03_Yr2_ATCACG_R1_001_fastq	Plasma	Plasma	0.999998539388784	1.6745982048257595e-08	1.4438652338308904e-06
EXR-KJENS1RID1-AN.sample_Sample_B_029_BC01_Yr2_CAAAAG_R1_001_fastq	Plasma	Plasma	0.9992536921416733	0.0007159799586951677	3.0327899631626728e-05
EXR-KJENS1RID1-AN.sample_Sample_B_029_GC03_Yr2_TACAGC_R1_001_fastq	Plasma	Plasma	0.9855307911527713	0.014382431594539781	8.67772526889225e-05
EXR-KJENS1RID1-AN.sample_Sample_B_030_BC01_Yr2_GTAGAG_R1_001_fastq	Plasma	Plasma	0.9257873627073915	0.07404093761378826	0.0001716996788203888
EXR-KJENS1RID1-AN.sample_Sample_B_030_GC02_Yr2_CAACTA_R1_001_fastq	Plasma	Plasma	0.9551503730281742	0.044733178183668156	0.00011644878815763438
EXR-KJENS1RID1-AN.sample_Sample_B_030_GC03_Yr2_ACTGAT_R1_001_fastq	Plasma	Serum	0.1341600942026726	0.8657725976728504	6.730812447700557e-05
EXR-KJENS1RID1-AN.sample_Sample_B_030_GC07_Yr2_TAATCG_R1_001_fastq	Plasma	Plasma	0.530017546031495	0.46980575152805004	0.00017670244045506656
EXR-KJENS1RID1-AN.sample_Sample_B_031_BC01_TTAGGC_R1_001_fastq	Plasma	Plasma	0.9805165629757885	0.019388132537007236	9.530448720421615e-05
EXR-KJENS1RID1-AN.sample_Sample_B_031_BC01_Yr2_ATCACG_R1_001_fastq	Plasma	Plasma	0.9633070674314048	0.03657023338060124	0.00012269918799389808
EXR-KJENS1RID1-AN.sample_Sample_B_031_GC01_Yr2_TAATCG_R1_001_fastq	Plasma	Serum	0.2885255180698753	0.7114304867842964	4.39951458282168e-05
EXR-KJENS1RID1-AN.sample_Sample_B_031_GC15_GTTTCG_combined_3_R1_001_fastq	Plasma	Plasma	0.9985707715956229	0.0006147172237096956	0.0008145111806673255
EXR-KJENS1RID1-AN.sample_Sample_B_031_GC16_GCCAAT_R1_001_fastq	Plasma	Plasma	0.9197881740775385	0.08012291545759964	8.891046486198674e-05
EXR-KJENS1RID1-AN.sample_Sample_B_036_BC01_Yr2_ACAGTG_R1_001_fastq	Plasma	Plasma	0.9999697114403161	2.5405703518664313e-05	4.882856165319696e-06
EXR-KJENS1RID1-AN.sample_Sample_B_036_GC05_Yr2_CACTCA_R1_001_fastq	Plasma	Plasma	0.9999999995204432	3.696324272787775e-17	4.795567389485982e-10
EXR-KJENS1RID1-AN.sample_Sample_B_039_BC01_TGACCA_combined_2_R1_001_fastq	Plasma	Plasma	0.9988041450239205	0.0011596441810578677	3.621079502171309e-05
EXR-KJENS1RID1-AN.sample_Sample_B_039_BC01_Yr2_ACAGTG_R1_001_fastq	Plasma	Plasma	0.9969437683323502	0.0030236593713854473	3.257229626435814e-05
EXR-KJENS1RID1-AN.sample_Sample_B_039_GC06_ATGAGC_combined_2_R1_001_fastq	Plasma	Plasma	0.9998855205891656	2.8467307535703402e-05	8.601210329863451e-05
EXR-KJENS1RID1-AN.sample_Sample_B_039_GC09_Yr2_GATCAG_R1_001_fastq	Plasma	Plasma	0.8163389203798599	0.18349973980024337	0.00016133981989667454
EXR-KJENS1RID1-AN.sample_Sample_B_042_BC01_GAGTGG_combined_2_R1_001_fastq	Plasma	Plasma	0.9999923035142724	1.925109241248763e-11	7.696466476521483e-06
EXR-KJENS1RID1-AN.sample_Sample_B_044_BC01_ACAGTG_R1_001_fastq	Plasma	Plasma	0.999926127051177	5.251327355289796e-05	2.135967527003679e-05
EXR-KJENS1RID1-AN.sample_Sample_B_044_GC16_CTTGTA_R1_001_fastq	Plasma	Plasma	0.9999528350875903	9.00910041245556e-06	3.81558119972873e-05
EXR-KJENS1RID1-AN.sample_Sample_B_045_BC01_ATGTCA_R1_001_fastq	Plasma	Plasma	0.9991541924345204	0.0007366278710626715	0.00010917969441680556
EXR-KJENS1RID1-AN.sample_Sample_B_045_BC01_Yr2_TTAGGC_R1_001_fastq	Plasma	Plasma	0.9772751536001892	0.022616448265610628	0.00010839813420011367
EXR-KJENS1RID1-AN.sample_Sample_B_045_GC04_Yr2_CAGATC_R1_001_fastq	Plasma	Plasma	0.9244302222287295	0.07546600375229712	0.00010377401897334133
EXR-KJENS1RID1-AN.sample_Sample_B_045_GC12_Yr2_CGTACG_R1_001_fastq	Plasma	Plasma	0.6383716298462361	0.3615396378165001	8.873233726372872e-05
EXR-KJENS1RID1-AN.sample_Sample_B_045_GC14_GTGAAA_R1_001_fastq	Plasma	Plasma	0.9897021065973828	0.01022825774175916	6.96356608582313e-05
EXR-KJENS1RID1-AN.sample_Sample_B_046_GC07_CAAAAG_R1_001_fastq	Plasma	Plasma	0.9294327235155038	4.713458470216069e-05	0.07052014189979408
EXR-KJENS1RID1-AN.sample_Sample_B_046_GC09_GATCAG_combined_2_R1_001_fastq	Plasma	Plasma	0.9851863690957684	1.611583137147066e-06	0.014812019321094556
EXR-KJENS1RID1-AN.sample_Sample_B_046_GC10_ACTTGA_R1_001_fastq	Plasma	Plasma	0.9999986399003227	1.6883028030202e-08	1.3432166493297519e-06
EXR-KJENS1RID1-AN.sample_Sample_B_046_GC11_CAAAAG_R1_001_fastq	Plasma	Plasma	0.999974913506245	2.49031660645389e-07	2.4837462094461047e-05
EXR-KJENS1RID1-AN.sample_Sample_B_046_GC15_CTTGTA_combined_3_R1_001_fastq	Plasma	Plasma	0.9994550146664445	0.00012536798335068293	0.0004196173502049604
EXR-KJENS1RID1-AN.sample_Sample_B_046_GC16_AGTTCC_combined_3_R1_001_fastq	Plasma	Plasma	0.9999629543413427	5.0300229889975616e-09	3.7040628634120613e-05
EXR-KJENS1RID1-AN.sample_Sample_B_046_GC17_AGTCAA_combined_3_R1_001_fastq	Plasma	Plasma	0.9993367300536081	4.478292100494189e-05	0.0006184870253869486
EXR-KJENS1RID1-AN.sample_Sample_B_048_GC07_AGTCAA_R1_001_fastq	Plasma	Plasma	0.9999997545267579	2.913655746025285e-12	2.454703285013731e-07
EXR-KJENS1RID1-AN.sample_Sample_B_048_GC08_GGTAGC_combined_4_R1_001_fastq	Plasma	Plasma	0.9999268126813812	9.11435508693777e-08	7.309617506805145e-05
EXR-KJENS1RID1-AN.sample_Sample_B_048_GC14_TATAAT_combined_2_R1_001_fastq	Plasma	Urine	0.34878487216758075	0.010717117640452623	0.6404980101919666
EXR-KJENS1RID1-AN.sample_Sample_B_049_BC01_Yr2_CGTACG_combined_3_R1_001_fastq	Plasma	Plasma	0.9959103767303191	0.0009211301820509171	0.0031684930876298848
EXR-KJENS1RID1-AN.sample_Sample_B_049_GC02_Yr2_GTTTCG_R1_001_fastq	Plasma	Plasma	0.9920029899896128	0.007927694998475274	6.931501191183164e-05
EXR-KJENS1RID1-AN.sample_Sample_B_049_GC05_Yr2_CATGGC_R1_001_fastq	Plasma	Plasma	0.9999952561363065	3.957967911979215e-10	4.743467896759887e-06
EXR-KJENS1RID1-AN.sample_Sample_B_049_GC07_Yr2_CAGATC_R1_001_fastq	Plasma	Plasma	0.9742487855593667	0.025608278535339927	0.00014293590529336142
EXR-KJENS1RID1-AN.sample_Sample_B_049_GC09_Yr2_CACTCA_R1_001_fastq	Plasma	Serum	0.4711138810219929	0.5286759623591801	0.00021015661882689955
EXR-KJENS1RID1-AN.sample_Sample_B_049_GC10_Yr2_ACTTGA_R1_001_fastq	Plasma	Plasma	0.9932150209986276	0.006730664559658011	5.4314441714272976e-05
EXR-KJENS1RID1-AN.sample_Sample_B_049_GC11_Yr2_ATTCCT_R1_001_fastq	Plasma	Plasma	0.9999752775033471	1.3219204859476171e-05	1.1503291793373856e-05
EXR-KJENS1RID1-AN.sample_Sample_B_170_PC02_CTAGCT_combined_2_R1_001_fastq	Plasma	Plasma	0.9999410446474822	1.77295025659596e-05	4.122584995192102e-05
EXR-KJENS1RID1-AN.sample_Sample_B_201_BC01_Yr2_TCCCGA_R1_001_fastq	Plasma	Plasma	0.999397093473001	0.0005725881457167239	3.0318381282364314e-05
EXR-KJENS1RID1-AN.sample_Sample_B_201_GC08_Yr2_CAGGCG_R1_001_fastq	Plasma	Plasma	0.9064461902376022	0.09284229026124625	0.000711519501151536
EXR-KJENS1RID1-AN.sample_Sample_B_201_GC10_Yr2_TATAAT_R1_001_fastq	Plasma	Plasma	0.9849696423524812	0.014930782137279774	9.957551023888967e-05
EXR-KJENS1RID1-AN.sample_Sample_B_203_BC01_Yr2_CGATGT_R1_001_fastq	Plasma	Plasma	0.9999953828119907	3.9294060674183685e-08	4.577893948526522e-06
EXR-KJENS1RID1-AN.sample_Sample_B_203_GC01_Yr2_CACGAT_R1_001_fastq	Plasma	Plasma	0.9997061468368118	0.0002698145264249627	2.403863676327838e-05
EXR-KJENS1RID1-AN.sample_Sample_B_203_GC02_Yr2_CAACTA_R1_001_fastq	Plasma	Plasma	0.9998106059286384	0.00015283892885085745	3.655514251061072e-05
EXR-KJENS1RID1-AN.sample_Sample_B_203_GC03_Yr2_ATCACG_R1_001_fastq	Plasma	Plasma	0.9999997460449873	7.1261595619921485e-09	2.4682885314806445e-07
EXR-KJENS1RID1-AN.sample_Sample_B_203_GC04_Yr2_CAGATC_R1_001_fastq	Plasma	Plasma	0.9999976392687304	1.3406911972780073e-06	1.0200400725376184e-06
EXR-KJENS1RID1-AN.sample_Sample_B_203_GC06_Yr2_TATAAT_R1_001_fastq	Plasma	Plasma	0.9985863955699357	0.0013764865913529138	3.711783871147174e-05
EXR-KJENS1RID1-AN.sample_Sample_B_203_GC07_Yr2_CATTTT_combined_2_R1_001_fastq	Plasma	Plasma	0.9999385032076685	4.6362336211242726e-05	1.5134456120360543e-05
EXR-KJENS1RID1-AN.sample_Sample_B_203_GC08_Yr2_CGATGT_R1_001_fastq	Plasma	Plasma	0.9996156869857556	0.0003294473433065663	5.486567093776039e-05
EXR-KJENS1RID1-AN.sample_Sample_B_203_GC09_Yr2_CTCAGA_R1_001_fastq	Plasma	Plasma	0.9982676401915725	0.0016672976896930864	6.506211873432948e-05
EXR-KJENS1RID1-AN.sample_Sample_B_204_BC01_Yr2_ATGAGC_R1_001_fastq	Plasma	Plasma	0.9999771047932522	1.6810418638648934e-05	6.0847881090800714e-06
EXR-KJENS1RID1-AN.sample_Sample_B_204_GC09_Yr2_GACGAC_combined_2_R1_001_fastq	Plasma	Plasma	0.9999999913621841	4.198489163611601e-14	8.637773991766509e-09
EXR-KJENS1RID1-AN.sample_Sample_B_205_BC01_Yr2_TCGGCA_R1_001_fastq	Plasma	Serum	0.3388345790627668	0.6610487898126475	0.00011663112458571238
EXR-KJENS1RID1-AN.sample_Sample_B_205_GC02_Yr2_GAGTGG_R1_001_fastq	Plasma	Serum	0.39927931155537477	0.6005454624434451	0.00017522600118009815
EXR-KJENS1RID1-AN.sample_Sample_B_206_BC01_Yr2_GGCTAC_R1_001_fastq	Plasma	Plasma	0.999978453724673	1.693731650629114e-05	4.608958820623946e-06
EXR-KJENS1RID1-AN.sample_Sample_B_206_GC06_Yr2_CGTACG_R1_001_fastq	Plasma	Plasma	0.9999962400389357	2.4665200693693024e-06	1.293440994813453e-06
EXR-KJENS1RID1-AN.sample_Sample_B_206_GC08_Yr2_TCCCGA_R1_001_fastq	Plasma	Plasma	0.9976112528188055	0.002350602127975388	3.814505321909146e-05
EXR-KJENS1RID1-AN.sample_Sample_B_206_GC09_Yr2_ATCACG_R1_001_fastq	Plasma	Plasma	0.9980451251533232	0.001916245981240576	3.8628865436387725e-05
EXR-KJENS1RID1-AN.sample_Sample_B_206_GC10_Yr2_TCGAAG_R1_001_fastq	Plasma	Plasma	0.9970371865590358	0.002940427401867569	2.238603909667193e-05
EXR-KJENS1RID1-AN.sample_Sample_B_207_BC01_Yr2_GTTTCG_R1_001_fastq	Plasma	Plasma	0.9786413476461616	0.021315973271153584	4.267908268481062e-05
EXR-KJENS1RID1-AN.sample_Sample_B_207_GC03_Yr2_TGACCA_R1_001_fastq	Plasma	Plasma	0.5017739358304092	0.4981421647806092	8.389938898154064e-05
EXR-KJENS1RID1-AN.sample_Sample_B_208_BC01_Yr2_TGACCA_R1_001_fastq	Plasma	Plasma	0.9999957710623321	3.493520705212169e-06	7.354169626993464e-07
EXR-KJENS1RID1-AN.sample_Sample_B_209_BC01_Yr2_CACCGG_R1_001_fastq	Plasma	Plasma	0.9971415529983769	0.002834953587117541	2.3493414505406107e-05
EXR-KJENS1RID1-AN.sample_Sample_B_210_BC01_Yr2_GTCCGC_R1_001_fastq	Plasma	Plasma	0.999999608934851	1.630590268874477e-07	2.280061221489392e-07
EXR-KJENS1RID1-AN.sample_Sample_B_211_BC01_Yr2_GCCAAT_R1_001_fastq	Plasma	Plasma	0.9268893870157973	0.07297729080384867	0.00013332218035399976
EXR-KJENS1RID1-AN.sample_Sample_B_212_BC01_Yr2_TCGGCA_R1_001_fastq	Plasma	Plasma	0.9999991374581133	1.1971609923548853e-07	7.428257874651537e-07
EXR-KJENS1RID1-AN.sample_Sample_B_212_GC11_Yr2_TAGCTT_R1_001_fastq	Plasma	Plasma	0.9999980986652968	1.7043646798153143e-06	1.9697002356604867e-07
EXR-KJENS1RID1-AN.sample_Sample_B_213_BC01_Yr2_CATGGC_R1_001_fastq	Plasma	Serum	0.07443529521852091	0.9254761138616912	8.859091978791562e-05
EXR-KJENS1RID1-AN.sample_Sample_B_213_GC04_Yr2_TGACCA_R1_001_fastq	Plasma	Plasma	0.9999650256303005	4.2958809493925185e-06	3.067848875001984e-05
EXR-KJENS1RID1-AN.sample_Sample_B_214_BC01_Yr2_GGCTAC_R1_001_fastq	Plasma	Plasma	0.9999988995464619	5.534997708957854e-07	5.469537672424877e-07
EXR-KJENS1RID1-AN.sample_Sample_B_215_GC12_Yr2_CTATAC_R1_001_fastq	Plasma	Plasma	0.9999997592191749	6.134505559765946e-08	1.794357694603143e-07
EXR-KJENS1RID1-AN.sample_Sample_B_216_BC01_Yr2_CATTTT_R1_001_fastq	Plasma	Plasma	0.9994434522832844	0.0005411260332309476	1.5421683484642903e-05
EXR-KJENS1RID1-AN.sample_Sample_B_216_GC07_Yr2_GGTAGC_R1_001_fastq	Plasma	Plasma	0.9971613407686296	0.0027893048942265386	4.9354337143933995e-05
EXR-KJENS1RID1-AN.sample_Sample_B_217_BC01_Yr2_CTCAGA_R1_001_fastq	Plasma	Plasma	0.9999979673981397	3.678494047473184e-08	1.995816919776993e-06
EXR-KJENS1RID1-AN.sample_Sample_B_218_BC01_Yr2_ATGAGC_R1_001_fastq	Plasma	Plasma	0.9999915677258818	2.2682249334171856e-06	6.164049184672562e-06
EXR-KJENS1RID1-AN.sample_Sample_B_218_GC10_Yr2_GACGAC_R1_001_fastq	Plasma	Plasma	0.9996817960267951	0.00027860917038567527	3.959480281917532e-05
EXR-KJENS1RID1-AN.sample_Sample_B_219_BC01_Yr2_TCCCGA_R1_001_fastq	Plasma	Plasma	0.9999998169111641	7.261376082107432e-08	1.1047507501206967e-07
EXR-KJENS1RID1-AN.sample_Sample_B_219_GC02_Yr2_TATAAT_R1_001_fastq	Plasma	Plasma	0.9999999993967101	1.1117419849842736e-14	6.032788219165612e-10
EXR-KJENS1RID1-AN.sample_Sample_B_220_BC01_Yr2_CCGTCC_R1_001_fastq	Plasma	Plasma	0.9997567064112414	0.0002307375703949182	1.2556018363851636e-05
EXR-KJENS1RID1-AN.sample_Sample_B_221_BC01_Yr2_CCAACA_R1_001_fastq	Plasma	Plasma	0.9886015737164853	0.011321964530264638	7.646175325009823e-05
EXR-KJENS1RID1-AN.sample_Sample_B_221_GC01_Yr2_ATGTCA_R1_001_fastq	Plasma	Plasma	0.9996531974897908	0.00032834051775983115	1.8461992449601075e-05
EXR-KJENS1RID1-AN.sample_Sample_B_221_GC02_Yr2_GTAGAG_R1_001_fastq	Plasma	Plasma	0.9395375390695853	0.060175481810997286	0.0002869791194173337
EXR-KJENS1RID1-AN.sample_Sample_B_221_GC04_Yr2_CCGTCC_R1_001_fastq	Plasma	Plasma	0.9956036565557346	0.004307889400752036	8.845404351342498e-05
EXR-KJENS1RID1-AN.sample_Sample_B_221_GC05_Yr2_CACCGG_R1_001_fastq	Plasma	Plasma	0.9999999780362958	2.2727738669443014e-13	2.1963476700550228e-08
EXR-KJENS1RID1-AN.sample_Sample_B_221_GC06_Yr2_CGGAAT_R1_001_fastq	Plasma	Plasma	0.989938794782807	0.009990035357067264	7.116986012558619e-05
EXR-KJENS1RID1-AN.sample_Sample_B_221_GC07_Yr2_GACGAC_R1_001_fastq	Plasma	Plasma	0.5484420605451273	0.4512519658131801	0.0003059736416925126
EXR-KJENS1RID1-AN.sample_Sample_B_221_GC09_Yr2_TCATTC_R1_001_fastq	Plasma	Plasma	0.6602835650690655	0.33927354191827813	0.00044289301265635576
EXR-KJENS1RID1-AN.sample_Sample_B_221_GC10_Yr2_CTCAGA_R1_001_fastq	Plasma	Plasma	0.7336629798914863	0.2660168647449844	0.000320155363529292
EXR-KJENS1RID1-AN.sample_Sample_B_221_GC11_Yr2_ATGTCA_R1_001_fastq	Plasma	Plasma	0.9998916002828709	9.74077077620029e-05	1.0992009366967225e-05
EXR-KJENS1RID1-AN.sample_Sample_B_222_BC01_Yr2_CTAGCT_R1_001_fastq	Plasma	Plasma	0.9866477676654347	0.0132461442654006	0.00010608806916468112
EXR-KJENS1RID1-AN.sample_Sample_B_223_BC01_Yr2_ACTTGA_R1_001_fastq	Plasma	Plasma	0.9989223333612942	0.0010531810267377596	2.448561196808749e-05
EXR-KJENS1RID1-AN.sample_Sample_B_223_BC01_Yr2_TAGCTT_combined_2_R1_001_fastq	Plasma	Plasma	0.9935555689250287	0.006398735163901876	4.569591106935771e-05
EXR-KJENS1RID1-AN.sample_Sample_B_223_GC08_Yr2_AGTTCC_R1_001_fastq	Plasma	Plasma	0.9940285572207075	0.005941537045136997	2.99057341555169e-05
EXR-KJENS1RID1-AN.sample_Sample_B_224_BC01_Yr2_GGTAGC_R1_001_fastq	Plasma	Plasma	0.9999965930068246	1.0140235565267462e-07	3.3055908196077313e-06
EXR-KJENS1RID1-AN.sample_Sample_B_224_GC06_Yr2_GATCAG_R1_001_fastq	Plasma	Plasma	0.9999991322008929	1.2313936104048504e-07	7.446597460506363e-07
EXR-KJENS1RID1-AN.sample_Sample_B_226_BC01_Yr2_CACCGG_R1_001_fastq	Plasma	Plasma	0.9999855342020811	4.21294272927619e-06	1.0252855189589467e-05
EXR-KJENS1RID1-AN.sample_Sample_B_226_GC01_Yr2_CTAGCT_R1_001_fastq	Plasma	Plasma	0.9999852444866723	9.083860404559163e-06	5.671652923158792e-06
EXR-KJENS1RID1-AN.sample_Sample_B_226_GC08_Yr2_AGTCAA_R1_001_fastq	Plasma	Plasma	0.9997096703020002	0.0002505829696610037	3.974672833860222e-05
EXR-KJENS1RID1-AN.sample_Sample_B_226_GC11_Yr2_CTTGTA_R1_001_fastq	Plasma	Plasma	0.9999952774999781	1.4606621018656273e-06	3.2618379199191924e-06
EXR-KJENS1RID1-AN.sample_Sample_B_226_GC12_Yr2_GTCCGC_R1_001_fastq	Plasma	Plasma	0.9998536495726155	0.00011884657983429557	2.7503847550235138e-05
EXR-KJENS1RID1-AN.sample_Sample_B_227_BC01_Yr2_CTTGTA_R1_001_fastq	Plasma	Plasma	0.6351116863898126	0.364755988412413	0.00013232519777445264
EXR-KJENS1RID1-AN.sample_Sample_B_227_GC01_Yr2_CAGGCG_R1_001_fastq	Plasma	Serum	0.1575706876932796	0.8423497944570827	7.951784963771495e-05
EXR-KJENS1RID1-AN.sample_Sample_B_227_GC04_Yr2_CATGGC_R1_001_fastq	Plasma	Serum	0.016207767287979045	0.9837669666921164	2.5266019904446938e-05
EXR-KJENS1RID1-AN.sample_Sample_B_227_GC06_Yr2_ACTGAT_R1_001_fastq	Plasma	Serum	0.25232768191871796	0.7475383358140985	0.00013398226718369598
EXR-KJENS1RID1-AN.sample_Sample_B_227_GC08_Yr2_GCCAAT_R1_001_fastq	Plasma	Plasma	0.9980776079186483	0.0019136430926327646	8.748988719167817e-06
EXR-KJENS1RID1-AN.sample_Sample_B_227_GC10_Yr2_ACTTGA_R1_001_fastq	Plasma	Plasma	0.9951833551833509	0.0047960861036750535	2.0558712974024202e-05
EXR-KJENS1RID1-AN.sample_Sample_B_227_GC11_Yr2_GCCAAT_R1_001_fastq	Plasma	Plasma	0.9942373840258844	0.005750122227486583	1.2493746628980239e-05
EXR-KJENS1RID1-AN.sample_Sample_B_227_GC12_Yr2_GTGAAA_R1_001_fastq	Plasma	Plasma	0.9999890812307259	7.4884114343483e-08	1.0843885159709814e-05
EXR-KJENS1RID1-AN.sample_Sample_B_228_GC03_Yr2_TTAGGC_R1_001_fastq	Plasma	Plasma	0.9837308536010522	0.01615952732512472	0.00010961907382318836
EXR-KJENS1RID1-AN.sample_Sample_S_001_PC02_TCGAAG_combined_3_R1_001_fastq	Saliva	Urine	0.008203917326232397	0.39325409319658705	0.5985419894771806
EXR-KJENS1RID1-AN.sample_Sample_S_002_PC02_CACGAT_combined_3_R1_001_fastq	Saliva	Serum	0.02783557301917855	0.6072346902084002	0.3649297367724213
EXR-KJENS1RID1-AN.sample_Sample_S_004_BC01_CACTCA_combined_3_R1_001_fastq	Saliva	Urine	0.33192367637007236	0.01659862945543115	0.6514776941744965
EXR-KJENS1RID1-AN.sample_Sample_S_004_GC11_GGTAGC_combined_3_R1_001_fastq	Saliva	Urine	0.10919779109487941	0.015769221497906855	0.8750329874072137
EXR-KJENS1RID1-AN.sample_Sample_S_004_GC12_CACCGG_combined_3_R1_001_fastq	Saliva	Urine	0.10894282440811318	0.06435265905424815	0.8267045165376387
EXR-KJENS1RID1-AN.sample_Sample_S_005_BC01_CAAAAG_combined_3_R1_001_fastq	Saliva	Urine	0.3677917639891401	0.2233165393364055	0.40889169667445435
EXR-KJENS1RID1-AN.sample_Sample_S_005_GC07_CAGATC_combined_4_R1_001_fastq	Saliva	Urine	0.16046987308393723	0.0069889800504687695	0.832541146865594
EXR-KJENS1RID1-AN.sample_Sample_S_006_BC01_CAGGCG_combined_4_R1_001_fastq	Saliva	Urine	0.12557166103189277	0.0646136773490306	0.8098146616190766
EXR-KJENS1RID1-AN.sample_Sample_S_006_GC06_CCGTCC_combined_3_R1_001_fastq	Saliva	Urine	0.07889088494370834	0.3399630337879985	0.5811460812682931
EXR-KJENS1RID1-AN.sample_Sample_S_006_GC07_GTAGAG_combined_3_R1_001_fastq	Saliva	Serum	0.013292869104170803	0.6500986715034218	0.3366084593924073
EXR-KJENS1RID1-AN.sample_Sample_S_006_GC11_CACGAT_R1_001_fastq	Saliva	Urine	0.013047970410772831	0.3538163778987589	0.6331356516904683
EXR-KJENS1RID1-AN.sample_Sample_S_007_BC01_CTATAC_combined_4_R1_001_fastq	Saliva	Serum	0.013276102975353166	0.660101039869976	0.32662285715467076
EXR-KJENS1RID1-AN.sample_Sample_S_007_GC05_TAATCG_combined_4_R1_001_fastq	Saliva	Serum	0.003651261301063494	0.5133321386109889	0.4830166000879476
EXR-KJENS1RID1-AN.sample_Sample_S_007_GC07_ATCACG_combined_3_R1_001_fastq	Saliva	Plasma	0.7056917932078819	4.8002700693041355e-05	0.29426020409142506
EXR-KJENS1RID1-AN.sample_Sample_S_007_GC10_TATAAT_combined_3_R1_001_fastq	Saliva	Urine	0.26688908133681566	0.007376156848784587	0.7257347618143998
EXR-KJENS1RID1-AN.sample_Sample_S_007_PC02_TACAGC_combined_3_R1_001_fastq	Saliva	Serum	0.0014462876382134722	0.6386070785532976	0.35994663380848896
EXR-KJENS1RID1-AN.sample_Sample_S_011_BC01_ATGAGC_combined_4_R1_001_fastq	Saliva	Plasma	0.7045826932645786	0.001574382155988066	0.2938429245794334
EXR-KJENS1RID1-AN.sample_Sample_S_011_GC07_CACCGG_combined_3_R1_001_fastq	Saliva	Plasma	0.9578363750644948	0.00026156095691265755	0.04190206397859252
EXR-KJENS1RID1-AN.sample_Sample_S_013_BC01_TATAAT_combined_2_R1_001_fastq	Saliva	Urine	0.1655532175433299	0.2731959347406581	0.561250847716012
EXR-KJENS1RID1-AN.sample_Sample_S_013_GC15_CAAAAG_combined_2_R1_001_fastq	Saliva	Serum	0.19973086483548202	0.6835672268566192	0.11670190830789873
EXR-KJENS1RID1-AN.sample_Sample_S_014_BC01_CAACTA_combined_3_R1_001_fastq	Saliva	Urine	0.02808699586610703	0.25416993851227715	0.7177430656216158
EXR-KJENS1RID1-AN.sample_Sample_S_014_GC06_AGTTCC_combined_3_R1_001_fastq	Saliva	Urine	0.19359645546520085	0.02476514476386237	0.7816383997709367
EXR-KJENS1RID1-AN.sample_Sample_S_022_BC01_CGATGT_combined_3_R1_001_fastq	Saliva	Plasma	0.6860980244333965	0.3129786923583868	0.0009232832082166138
EXR-KJENS1RID1-AN.sample_Sample_S_022_GC17_GTGAAA_combined_3_R1_001_fastq	Saliva	Urine	0.4339141392126809	0.05406359706668234	0.5120222637206367
EXR-KJENS1RID1-AN.sample_Sample_S_023_PC02_TCGGCA_combined_3_R1_001_fastq	Saliva	Urine	0.23935842464808135	0.09128571938634253	0.6693558559655761
EXR-KJENS1RID1-AN.sample_Sample_S_024_PC02_TCATTC_combined_3_R1_001_fastq	Saliva	Urine	0.3117785189889242	0.0018705654706437376	0.6863509155404321
EXR-KJENS1RID1-AN.sample_Sample_S_031_BC01_GAGTGG_combined_2_R1_001_fastq	Saliva	Plasma	0.6430435460384695	0.0019984958042975776	0.3549579581572331
EXR-KJENS1RID1-AN.sample_Sample_S_031_BC01_Yr2_CACGAT_combined_3_R1_001_fastq	Saliva	Urine	0.06403819629611833	0.0016584073138460576	0.9343033963900357
EXR-KJENS1RID1-AN.sample_Sample_S_031_GC16_GACGAC_R1_001_fastq	Saliva	Urine	0.11523982769162362	0.02000069727269256	0.8647594750356837
EXR-KJENS1RID1-AN.sample_Sample_S_039_BC01_TAATCG_combined_3_R1_001_fastq	Saliva	Urine	0.44274929867289636	0.00943225986251596	0.5478184414645876
EXR-KJENS1RID1-AN.sample_Sample_S_039_GC06_CGGAAT_combined_2_R1_001_fastq	Saliva	Urine	0.13604054452794145	0.00031821128437333965	0.8636412441876852
EXR-KJENS1RID1-AN.sample_Sample_S_042_BC01_CACCGG_combined_2_R1_001_fastq	Saliva	Urine	0.2883955091940555	0.00905103780087871	0.7025534530050659
EXR-KJENS1RID1-AN.sample_Sample_S_044_BC01_CGTACG_combined_4_R1_001_fastq	Saliva	Urine	0.25890485455632517	0.02853371944053543	0.7125614260031393
EXR-KJENS1RID1-AN.sample_Sample_S_044_GC16_CATGGC_combined_4_R1_001_fastq	Saliva	Urine	0.0676774824936105	0.026521824019788216	0.9058006934866012
EXR-KJENS1RID1-AN.sample_Sample_S_045_BC01_TACAGC_combined_4_R1_001_fastq	Saliva	Urine	0.049993544967968206	0.3095700608807001	0.6404363941513317
EXR-KJENS1RID1-AN.sample_Sample_S_045_GC14_CACCGG_combined_4_R1_001_fastq	Saliva	Plasma	0.8840150692586041	0.000194289763287481	0.11579064097810846
EXR-KJENS1RID1-AN.sample_Sample_S_046_GC07_CTATAC_combined_3_R1_001_fastq	Saliva	Urine	0.37793135998452376	0.049104457121485194	0.5729641828939911
EXR-KJENS1RID1-AN.sample_Sample_S_046_GC09_TCATTC_combined_2_R1_001_fastq	Saliva	Urine	0.47656492043519877	0.01570205317067652	0.5077330263941248
EXR-KJENS1RID1-AN.sample_Sample_S_046_GC10_CAACTA_combined_2_R1_001_fastq	Saliva	Plasma	0.6444541699204639	0.0009728373074392771	0.3545729927720968
EXR-KJENS1RID1-AN.sample_Sample_S_046_GC11_CAGGCG_combined_3_R1_001_fastq	Saliva	Urine	0.364619883542507	1.0176128799932456e-05	0.6353699403286931
EXR-KJENS1RID1-AN.sample_Sample_S_048_GC07_TCCCGA_combined_4_R1_001_fastq	Saliva	Plasma	0.6806699577137676	0.001077257166238734	0.31825278511999366
EXR-KJENS1RID1-AN.sample_Sample_S_048_GC08_CGATGT_combined_4_R1_001_fastq	Saliva	Urine	0.4099868111806228	0.008508512347887486	0.5815046764714896
EXR-KJENS1RID1-AN.sample_Sample_S_048_GC14_CTAGCT_combined_4_R1_001_fastq	Saliva	Plasma	0.5065532438768005	0.0002982430393735757	0.49314851308382596
EXR-KJENS1RID1-AN.sample_Sample_S_170_PC02_TCCCGA_combined_3_R1_001_fastq	Saliva	Urine	0.27600484899588323	0.001692184479132503	0.7223029665249842
EXR-KJENS1RID1-AN.sample_Sample_S_223_BC01_Yr2_CACTCA_combined_3_R1_001_fastq	Saliva	Plasma	0.6747082744715287	0.0003467509381088187	0.3249449745903625
EXR-KJENS1RID1-AN.sample_Sample_U_001_PC02_CGATGT_combined_3_R1_001_fastq	Urine	Urine	0.001432005847806119	0.04173774048048848	0.9568302536717054
EXR-KJENS1RID1-AN.sample_Sample_U_002_PC02_ACAGTG_combined_3_R1_001_fastq	Urine	Urine	0.001277450167437278	1.066494150408045e-06	0.9987214833384123
EXR-KJENS1RID1-AN.sample_Sample_U_004_BC01_GAGTGG_combined_3_R1_001_fastq	Urine	Urine	5.723639210390059e-05	6.102523717636389e-06	0.9999366610841783
EXR-KJENS1RID1-AN.sample_Sample_U_004_GC11_TTAGGC_combined_3_R1_001_fastq	Urine	Urine	0.000639832090861683	2.7476653111140286e-05	0.9993326912560273
EXR-KJENS1RID1-AN.sample_Sample_U_004_GC12_GTGGCC_combined_3_R1_001_fastq	Urine	Urine	0.004648326493630629	2.283818466182934e-06	0.9953493896879032
EXR-KJENS1RID1-AN.sample_Sample_U_005_BC01_CTCAGA_combined_3_R1_001_fastq	Urine	Urine	0.0008263357511954796	2.2889942216631567e-07	0.9991734353493823
EXR-KJENS1RID1-AN.sample_Sample_U_005_GC07_CAACTA_combined_2_R1_001_fastq	Urine	Urine	0.007797004445492024	8.831197151712668e-08	0.9922029072425363
EXR-KJENS1RID1-AN.sample_Sample_U_006_BC01_CGGAAT_combined_4_R1_001_fastq	Urine	Urine	9.935474575632183e-05	1.226673761349491e-05	0.9998883785166301
EXR-KJENS1RID1-AN.sample_Sample_U_006_GC06_ATCACG_combined_3_R1_001_fastq	Urine	Urine	3.861489545010451e-05	1.0489592325362416e-05	0.9999508955122245
EXR-KJENS1RID1-AN.sample_Sample_U_006_GC07_AGTCAA_combined_2_R1_001_fastq	Urine	Urine	0.001281598640399885	1.3919272694338722e-06	0.9987170094323307
EXR-KJENS1RID1-AN.sample_Sample_U_006_GC11_ATTCCT_combined_3_R1_001_fastq	Urine	Plasma	0.7058336846275474	0.1018185423155451	0.19234777305690756
EXR-KJENS1RID1-AN.sample_Sample_U_007_BC01_TCGGCA_combined_4_R1_001_fastq	Urine	Urine	0.00010909085284481276	1.387758687156347e-05	0.9998770315602836
EXR-KJENS1RID1-AN.sample_Sample_U_007_GC05_ACTGAT_combined_4_R1_001_fastq	Urine	Urine	6.69684117541859e-05	2.6276088557462755e-06	0.9999304039793901
EXR-KJENS1RID1-AN.sample_Sample_U_007_GC07_CGTACG_combined_3_R1_001_fastq	Urine	Urine	7.433219184630428e-05	0.001363389826556336	0.9985622779815975
EXR-KJENS1RID1-AN.sample_Sample_U_007_GC10_ACTGAT_combined_3_R1_001_fastq	Urine	Urine	5.427115832240622e-05	5.6402767172136956e-06	0.9999400885649603
EXR-KJENS1RID1-AN.sample_Sample_U_007_PC02_TTAGGC_combined_3_R1_001_fastq	Urine	Urine	9.299092901269563e-05	2.726388045511369e-05	0.9998797451905321
EXR-KJENS1RID1-AN.sample_Sample_U_008_BC01_Yr2_TATAAT_combined_2_R1_001_fastq	Urine	Urine	6.367387097349611e-05	2.9295032048482335e-08	0.9999362968339944
EXR-KJENS1RID1-AN.sample_Sample_U_008_GC06_Yr2_CTATAC_R1_001_fastq	Urine	Urine	6.0324490218035314e-05	8.84934267384249e-07	0.9999387905755145
EXR-KJENS1RID1-AN.sample_Sample_U_008_GC08_Yr2_GTGAAA_combined_2_R1_001_fastq	Urine	Urine	0.00024676949042902745	2.742191847349335e-07	0.9997529562903862
EXR-KJENS1RID1-AN.sample_Sample_U_010_GC02_Yr2_TACAGC_R1_001_fastq	Urine	Urine	0.0008691449987641825	3.1600764033395793e-07	0.9991305389935956
EXR-KJENS1RID1-AN.sample_Sample_U_010_GC03_Yr2_CAGATC_combined_2_R1_001_fastq	Urine	Urine	2.7364442881191326e-05	7.333735509816604e-06	0.999965301821609
EXR-KJENS1RID1-AN.sample_Sample_U_010_GC05_Yr2_ATCACG_R1_001_fastq	Urine	Urine	6.760082576576317e-05	4.18098648901025e-07	0.9999319810755852
EXR-KJENS1RID1-AN.sample_Sample_U_010_GC06_Yr2_CAGATC_R1_001_fastq	Urine	Urine	3.95712669201432e-06	1.3239945886982965e-06	0.9999947188787193
EXR-KJENS1RID1-AN.sample_Sample_U_010_GC07_Yr2_CCAACA_R1_001_fastq	Urine	Urine	1.1256094156396154e-05	9.349505487858691e-08	0.9999886504107888
EXR-KJENS1RID1-AN.sample_Sample_U_011_BC01_CACTCA_combined_2_R1_001_fastq	Urine	Urine	3.455799159542395e-05	1.2176253611236873e-06	0.9999642243830436
EXR-KJENS1RID1-AN.sample_Sample_U_011_GC02_Yr2_AGTCAA_R1_001_fastq	Urine	Urine	0.005836111011718188	3.21960400159213e-07	0.9941635670278817
EXR-KJENS1RID1-AN.sample_Sample_U_011_GC03_Yr2_AGTTCC_R1_001_fastq	Urine	Urine	0.002124761715271497	2.7430698327698728e-06	0.9978724952148956
EXR-KJENS1RID1-AN.sample_Sample_U_011_GC05_Yr2_ACTTGA_R1_001_fastq	Urine	Urine	0.003743039632189541	3.8663147495050423e-07	0.9962565737363355
EXR-KJENS1RID1-AN.sample_Sample_U_011_GC06_Yr2_GTAGAG_R1_001_fastq	Urine	Urine	0.0007044274458753425	2.7359853152135225e-07	0.9992952989555931
EXR-KJENS1RID1-AN.sample_Sample_U_011_GC07_GAGTGG_combined_4_R1_001_fastq	Urine	Urine	0.0001652906955609773	3.782097172970628e-05	0.9997968883327093
EXR-KJENS1RID1-AN.sample_Sample_U_011_GC07_Yr2_GTCCGC_R1_001_fastq	Urine	Urine	0.00041028510174846613	6.422860063862219e-08	0.999589650669651
EXR-KJENS1RID1-AN.sample_Sample_U_011_GC08_Yr2_CGATGT_R1_001_fastq	Urine	Urine	8.053716684830421e-05	2.5431128137630776e-06	0.999916919720338
EXR-KJENS1RID1-AN.sample_Sample_U_013_BC01_ATTCCT_R1_001_fastq	Urine	Urine	0.00319807056963445	2.0712475350672388e-08	0.9968019087178902
EXR-KJENS1RID1-AN.sample_Sample_U_013_GC02_Yr2_TCCCGA_R1_001_fastq	Urine	Urine	0.0023263663835957943	2.0765666490665296e-06	0.9976715570497552
EXR-KJENS1RID1-AN.sample_Sample_U_013_GC03_Yr2_GTTTCG_R1_001_fastq	Urine	Urine	1.9447344839309423e-05	9.081099962364495e-06	0.9999714715551984
EXR-KJENS1RID1-AN.sample_Sample_U_013_GC06_Yr2_CAAAAG_R1_001_fastq	Urine	Urine	4.8507106014327215e-05	1.6848081679677722e-07	0.9999513244131689
EXR-KJENS1RID1-AN.sample_Sample_U_013_GC07_Yr2_CTATAC_R1_001_fastq	Urine	Urine	1.0470968533345384e-05	4.724077711547482e-06	0.9999848049537551
EXR-KJENS1RID1-AN.sample_Sample_U_013_GC08_Yr2_TGACCA_R1_001_fastq	Urine	Serum	0.014981405843894206	0.9802230884609312	0.004795505695174616
EXR-KJENS1RID1-AN.sample_Sample_U_013_GC15_ATCACG_combined_2_R1_001_fastq	Urine	Urine	0.0009794161999725542	2.0453242635752157e-07	0.9990203792676011
EXR-KJENS1RID1-AN.sample_Sample_U_014_BC01_GACGAC_combined_3_R1_001_fastq	Urine	Urine	0.0006843372716741529	4.783788306606081e-07	0.9993151843494953
EXR-KJENS1RID1-AN.sample_Sample_U_014_BC01_Yr2_CCAACA_R1_001_fastq	Urine	Urine	3.4748597991927684e-05	8.163868734372829e-07	0.9999644350151348
EXR-KJENS1RID1-AN.sample_Sample_U_014_GC02_Yr2_TTAGGC_combined_2_R1_001_fastq	Urine	Urine	7.508666489670816e-05	2.287460061849221e-06	0.9999226258750415
EXR-KJENS1RID1-AN.sample_Sample_U_014_GC05_Yr2_ATGTCA_R1_001_fastq	Urine	Urine	2.9803548997426457e-05	5.473942337037364e-07	0.9999696490567688
EXR-KJENS1RID1-AN.sample_Sample_U_014_GC06_GTTTCG_combined_3_R1_001_fastq	Urine	Urine	0.02002331906693585	6.196270535110739e-07	0.9799760613060107
EXR-KJENS1RID1-AN.sample_Sample_U_014_GC06_Yr2_CACTCA_R1_001_fastq	Urine	Urine	1.4013275586706861e-05	0.00017621978606278108	0.9998097669383507
EXR-KJENS1RID1-AN.sample_Sample_U_015_BC01_Yr2_GTGGCC_R1_001_fastq	Urine	Urine	0.0001629572110303374	3.468999333073495e-07	0.9998366958890363
EXR-KJENS1RID1-AN.sample_Sample_U_019_GC02_Yr2_CACTCA_R1_001_fastq	Urine	Urine	1.269914917062515e-05	1.989448218279626e-07	0.9999871019060076
EXR-KJENS1RID1-AN.sample_Sample_U_019_GC03_Yr2_CGTACG_R1_001_fastq	Urine	Urine	0.000109159899629555	8.134665269212612e-08	0.9998907587537178
EXR-KJENS1RID1-AN.sample_Sample_U_019_GC05_Yr2_CAGATC_R1_001_fastq	Urine	Urine	8.520574869078279e-06	8.074748173018477e-06	0.9999834046769579
EXR-KJENS1RID1-AN.sample_Sample_U_022_BC01_CCAACA_combined_3_R1_001_fastq	Urine	Urine	0.00018723290886346944	5.010718107313069e-07	0.9998122660193258
